 jumlah data output x =          67
   0.0000000000000000     
   1.5000000000000000     
   3.0000000000000000     
   4.5000000000000000     
   6.0000000000000000     
   7.5000000000000000     
   9.0000000000000000     
   10.500000000000000     
   12.000000000000000     
   13.500000000000000     
   15.000000000000000     
   16.500000000000000     
   18.000000000000000     
   19.500000000000000     
   21.000000000000000     
   22.500000000000000     
   24.000000000000000     
   25.500000000000000     
   27.000000000000000     
   28.500000000000000     
   30.000000000000000     
   31.500000000000000     
   33.000000000000000     
   34.500000000000000     
   36.000000000000000     
   37.500000000000000     
   39.000000000000000     
   40.500000000000000     
   42.000000000000000     
   43.500000000000000     
   45.000000000000000     
   46.500000000000000     
   48.000000000000000     
   49.500000000000000     
   51.000000000000000     
   52.500000000000000     
   54.000000000000000     
   55.500000000000000     
   57.000000000000000     
   58.500000000000000     
   60.000000000000000     
   61.500000000000000     
   63.000000000000000     
   64.500000000000000     
   66.000000000000000     
   67.500000000000000     
   69.000000000000000     
   70.500000000000000     
   72.000000000000000     
   73.500000000000000     
   75.000000000000000     
   76.500000000000000     
   78.000000000000000     
   79.500000000000000     
   81.000000000000000     
   82.500000000000000     
   84.000000000000000     
   85.500000000000000     
   87.000000000000000     
   88.500000000000000     
   90.000000000000000     
   91.500000000000000     
   93.000000000000000     
   94.500000000000000     
   96.000000000000000     
   97.500000000000000     
   99.000000000000000     
