 jumlah data output t =         201
   0.0000000000000000     
   6.0000000000000000     
   12.000000000000000     
   18.000000000000000     
   24.000000000000000     
   30.000000000000000     
   36.000000000000000     
   42.000000000000000     
   48.000000000000000     
   54.000000000000000     
   60.000000000000000     
   66.000000000000000     
   72.000000000000000     
   78.000000000000000     
   84.000000000000000     
   90.000000000000000     
   96.000000000000000     
   102.00000000000000     
   108.00000000000000     
   114.00000000000000     
   120.00000000000000     
   126.00000000000000     
   132.00000000000000     
   138.00000000000000     
   144.00000000000000     
   150.00000000000000     
   156.00000000000000     
   162.00000000000000     
   168.00000000000000     
   174.00000000000000     
   180.00000000000000     
   186.00000000000000     
   192.00000000000000     
   198.00000000000000     
   204.00000000000000     
   210.00000000000000     
   216.00000000000000     
   222.00000000000000     
   228.00000000000000     
   234.00000000000000     
   240.00000000000000     
   246.00000000000000     
   252.00000000000000     
   258.00000000000000     
   264.00000000000000     
   270.00000000000000     
   276.00000000000000     
   282.00000000000000     
   288.00000000000000     
   294.00000000000000     
   300.00000000000000     
   306.00000000000000     
   312.00000000000000     
   318.00000000000000     
   324.00000000000000     
   330.00000000000000     
   336.00000000000000     
   342.00000000000000     
   348.00000000000000     
   354.00000000000000     
   360.00000000000000     
   366.00000000000000     
   372.00000000000000     
   378.00000000000000     
   384.00000000000000     
   390.00000000000000     
   396.00000000000000     
   402.00000000000000     
   408.00000000000000     
   414.00000000000000     
   420.00000000000000     
   426.00000000000000     
   432.00000000000000     
   438.00000000000000     
   444.00000000000000     
   450.00000000000000     
   456.00000000000000     
   462.00000000000000     
   468.00000000000000     
   474.00000000000000     
   480.00000000000000     
   486.00000000000000     
   492.00000000000000     
   498.00000000000000     
   504.00000000000000     
   510.00000000000000     
   516.00000000000000     
   522.00000000000000     
   528.00000000000000     
   534.00000000000000     
   540.00000000000000     
   546.00000000000000     
   552.00000000000000     
   558.00000000000000     
   564.00000000000000     
   570.00000000000000     
   576.00000000000000     
   582.00000000000000     
   588.00000000000000     
   594.00000000000000     
   600.00000000000000     
   606.00000000000000     
   612.00000000000000     
   618.00000000000000     
   624.00000000000000     
   630.00000000000000     
   636.00000000000000     
   642.00000000000000     
   648.00000000000000     
   654.00000000000000     
   660.00000000000000     
   666.00000000000000     
   672.00000000000000     
   678.00000000000000     
   684.00000000000000     
   690.00000000000000     
   696.00000000000000     
   702.00000000000000     
   708.00000000000000     
   714.00000000000000     
   720.00000000000000     
   726.00000000000000     
   732.00000000000000     
   738.00000000000000     
   744.00000000000000     
   750.00000000000000     
   756.00000000000000     
   762.00000000000000     
   768.00000000000000     
   774.00000000000000     
   780.00000000000000     
   786.00000000000000     
   792.00000000000000     
   798.00000000000000     
   804.00000000000000     
   810.00000000000000     
   816.00000000000000     
   822.00000000000000     
   828.00000000000000     
   834.00000000000000     
   840.00000000000000     
   846.00000000000000     
   852.00000000000000     
   858.00000000000000     
   864.00000000000000     
   870.00000000000000     
   876.00000000000000     
   882.00000000000000     
   888.00000000000000     
   894.00000000000000     
   900.00000000000000     
   906.00000000000000     
   912.00000000000000     
   918.00000000000000     
   924.00000000000000     
   930.00000000000000     
   936.00000000000000     
   942.00000000000000     
   948.00000000000000     
   954.00000000000000     
   960.00000000000000     
   966.00000000000000     
   972.00000000000000     
   978.00000000000000     
   984.00000000000000     
   990.00000000000000     
   996.00000000000000     
   1002.0000000000000     
   1008.0000000000000     
   1014.0000000000000     
   1020.0000000000000     
   1026.0000000000000     
   1032.0000000000000     
   1038.0000000000000     
   1044.0000000000000     
   1050.0000000000000     
   1056.0000000000000     
   1062.0000000000000     
   1068.0000000000000     
   1074.0000000000000     
   1080.0000000000000     
   1086.0000000000000     
   1092.0000000000000     
   1098.0000000000000     
   1104.0000000000000     
   1110.0000000000000     
   1116.0000000000000     
   1122.0000000000000     
   1128.0000000000000     
   1134.0000000000000     
   1140.0000000000000     
   1146.0000000000000     
   1152.0000000000000     
   1158.0000000000000     
   1164.0000000000000     
   1170.0000000000000     
   1176.0000000000000     
   1182.0000000000000     
   1188.0000000000000     
   1194.0000000000000     
   1200.0000000000000     
